circle
250 250 0 250
circle
250 250 0 150
circle
250 250 0 50

hermite
0 500 500 0 250 250 250 250
hermite
0 500 500 0 150 750 150 750
hermite
0 500 500 0 50 1250 50 1250
hermite
0 500 500 0 -50 1750 -50 1750
hermite
0 500 500 0 -150 2250 -150 2250
hermite
0 500 500 0 -250 2750 -250 2750
hermite
0 500 500 0 -350 3250 -350 3250
hermite
0 500 500 0 -450 3750 -450 3750
hermite
0 500 500 0 -550 4250 -550 4250

bezier
0 0 500 500 250 250 250 250
bezier
0 0 500 500 200 300 200 300
bezier
0 0 500 500 150 350 150 350
bezier
0 0 500 500 100 400 100 400
bezier
0 0 500 500 50 450 50 450
bezier
0 0 500 500 0 500 0 500

bezier
500 500 0 0 250 250 250 250
bezier
500 500 0 0 300 200 300 200
bezier
500 500 0 0 350 150 350 150
bezier
500 500 0 0 400 100 400 100
bezier
500 500 0 0 450 50 450 50
bezier
500 500 0 0 500 0 500 0

display
save
pic.png
